-0.00173272669780999422
-0.00198748311959207058
-0.00242153252474963665
-0.00267113419249653816
-0.00211925432085990906
0.00000000000000000123
0.00443805707618594170
0.01174226123839616776
0.02208155207335948944
0.03512892499566078186
0.05003247782588005066
0.06548941135406494141
0.07991584390401840210
0.09168444573879241943
0.09938616305589675903
0.10206600278615951538
0.09938616305589675903
0.09168444573879241943
0.07991584390401840210
0.06548941135406494141
0.05003247782588005066
0.03512892499566078186
0.02208155207335948944
0.01174226123839616776
0.00443805707618594170
0.00000000000000000123
-0.00211925432085990906
-0.00267113419249653816
-0.00242153252474963665
-0.00198748311959207058
-0.00173272669780999422
-0.00198748311959207058
-0.00242153252474963665
-0.00267113419249653816
-0.00211925432085990906
0.00000000000000000123
0.00443805707618594170
0.01174226123839616776
0.02208155207335948944
0.03512892499566078186
0.05003247782588005066
0.06548941135406494141
0.07991584390401840210
0.09168444573879241943
0.09938616305589675903
0.10206600278615951538
0.09938616305589675903
0.09168444573879241943
0.07991584390401840210
0.06548941135406494141
0.05003247782588005066
0.03512892499566078186
0.02208155207335948944
0.01174226123839616776
0.00443805707618594170
0.00000000000000000123
-0.00211925432085990906
-0.00267113419249653816
-0.00242153252474963665
-0.00198748311959207058
-0.00173272669780999422
